version https://git-lfs.github.com/spec/v1
oid sha256:6d17bfff2d5c7ccaa0020aafc77d175dd00aa32185b91dab4a0366681a16cfc2
size 80853624
